eval_loss = 0.21408256533758635
fn = 179
fp = 88
mcc = 0.8916788995746
tn = 1384
tp = 6228
